0 北京工业大学1号楼 39.884971,116.485502
1 北京工业大学学生公寓-2号楼 39.88461280409527,116.48557601943247
2 天天餐厅(工业大学店) 39.88450567168441,116.48673097082666
3 北京工业大学学生公寓-3号楼 39.88500721324157,116.48789706120915
4 北京工业大学4号楼 39.884593,116.487886
5 北京工业大学校医院 39.88507309782428,116.48866502258964
6 北京工业大学公共浴室 39.88456062205061,116.4885178801471
7 北京工业大学金工楼 39.884518821020414,116.48945355516629
8 北京工业大学西门 39.883195,116.484252
9 北京工业大学一教 39.883735,116.485393
10 北京工业大学第二教学楼 39.883183665992775,116.48490139199448
11 北京工业大学材料楼 39.881251063643404,116.48815658167098
12 北京工业大学教育部科技普查工作站 39.883718783107874,116.48722270326282
13 北京工业大学棋牌俱乐部 39.883326719570704,116.48758939157199
14 北京工业大学数理楼 39.88268536380759,116.48717410493472
15 北京工业大学游泳馆 39.882659133633105,116.4882154206819
16 北京工业大学10、11号楼 39.884065,116.489089
17 北京工业大学运动场 39.88375283335609,116.48880066672164
18 北京工业大学13、14号楼 39.883445,116.490382
19 北京工业大学东门 39.883832,116.49059
20 北京工业大学能源楼 39.882209412603736,116.490624406568
21 北京工业大学计算机学院 39.880494867160664,116.48485647671899
22 北京工业大学逸夫图书馆 39.880736067482616,116.48628100959671
23 北京工业大学教学楼3 39.881251063643404,116.48815658167098
24 北京工业大学知新园 39.8808803027902,116.48712011677358
25 北京工业大学-后勤服务集团 39.88008319817955,116.4869565353402
26 北京工业大学美食园 39.87973423271105,116.48735915586978
27 北京工业大学宿舍7号楼 39.88088590885884,116.488279020712
28 北京工业大学8号楼 39.880504,116.488276
29 北京工业大学学生宿舍-12号楼 39.88008735087168,116.4882747986761
30 北京工业大学京客隆便利店(奥运餐厅店) 39.87960501398447,116.48855129711208
31 北京工业大学-第二田径场 39.880544422303785,116.48908920245144
32 北京工业大学第四教学楼 39.881173063534675,116.49093396264675
33 北京工业大学超显微学中心 39.880772057127345,116.49323299593843
34 北京工业大学艺术设计学院 39.88059806086075,116.49144303237925
35 北京工业大学经管楼 39.87931106988238,116.48513504125762
36 北京工业大学日新广场 39.878778063692565,116.48624902992054
37 北京工业大学5号楼 39.879219,116.487786
38 北京工业大学6号楼 39.878838,116.487781
39 北京工业大学-档案馆 39.877993738978866,116.48744386607936
40 北京工业大学南门 39.877523,116.486377
41 东方启明星(北工大校区) 39.878401060169224,116.49005200629703
42 北京工业大学月亮湖 39.879689,116.492168
43 北京工业大学-实训楼 39.87851906865662,116.4920689716586
44 北京工业大学交通楼 39.879180812165195,116.49267910076098
45 北京工业大学软件楼 39.87951905259601,116.49307103145497
46 北京工业大学北门 39.88523,116.488447
