1 1 2 2 2 3 4 6 1 1 9 9 2 12 13 13 12 16 16 16 18 10 21 15 23 24 25 23 27 28 29 15 20 32 31 21 21 30 37 36 35 31 31 42 43 42 3 
0 0 2 2 2 3 4 6 8 9 9 9 2 12 13 13 12 16 16 16 18 10 21 15 23 24 25 23 27 28 29 15 20 32 31 21 21 30 37 36 35 31 31 42 43 42 3 
0 1 12 3 4 3 4 6 1 9 9 9 12 12 13 13 12 16 16 16 18 10 21 15 23 24 25 23 27 28 29 15 20 32 31 21 21 30 37 38 35 31 31 42 43 42 3 
2 2 2 4 4 5 4 5 1 2 9 9 2 12 13 13 7 16 16 16 18 10 21 15 23 24 25 23 27 28 29 15 20 32 32 21 21 30 37 38 35 31 34 42 43 42 46 
2 2 2 3 3 3 6 6 1 2 9 9 2 12 13 13 7 16 16 16 18 10 21 15 23 24 25 23 27 28 29 15 20 32 32 21 21 30 37 38 35 31 34 42 43 42 3 
2 2 3 3 3 46 6 7 1 2 9 9 2 12 13 13 7 16 16 16 18 10 21 15 23 24 25 23 27 28 29 17 20 32 32 21 21 30 37 38 35 31 34 42 43 42 46 
2 2 4 4 4 5 4 7 1 2 9 9 2 12 13 13 7 16 16 16 18 10 21 15 23 24 25 23 27 28 29 17 20 32 32 21 21 30 37 38 35 31 34 42 43 42 5 
4 4 4 5 6 5 6 16 1 2 9 9 16 12 13 13 16 16 16 16 18 10 21 15 23 24 25 23 27 28 29 17 20 32 32 21 26 30 37 38 39 31 34 42 43 42 5 
1 1 9 2 2 3 4 4 10 10 10 10 9 12 13 13 12 16 16 16 18 21 21 15 22 22 22 23 25 25 26 15 20 32 31 21 21 26 36 36 35 38 31 41 43 42 3 
1 1 2 2 2 3 4 6 10 10 10 11 12 12 13 13 12 16 16 16 18 10 21 15 23 22 22 23 27 28 29 15 20 32 31 21 21 26 36 36 35 31 31 42 43 42 3 
1 9 9 2 2 3 2 4 8 9 8 11 9 12 13 13 12 16 16 16 18 21 21 15 22 22 22 23 27 25 26 15 20 32 31 21 21 26 36 36 35 38 31 41 43 42 3 
1 9 13 2 2 3 4 13 10 9 10 22 2 14 14 13 7 15 17 18 17 21 22 22 22 22 22 23 25 25 26 23 31 32 31 22 22 26 37 36 36 30 31 41 43 42 3 
2 2 2 2 2 3 4 16 10 9 9 14 13 13 13 13 16 16 16 16 18 10 11 15 23 24 25 23 27 28 29 15 20 32 31 21 26 30 37 38 39 31 31 42 43 42 3 
2 2 12 2 2 3 4 16 9 12 9 14 12 12 14 15 12 15 16 16 17 11 11 15 23 24 25 23 27 28 29 15 31 32 31 22 26 30 37 38 39 31 31 42 43 42 3 
12 12 12 2 2 3 4 12 12 12 12 11 13 13 13 13 12 15 16 16 17 11 11 23 23 24 25 23 27 28 29 23 31 32 31 22 26 30 37 38 39 31 31 42 43 42 3 
12 12 12 2 2 16 16 16 12 12 9 14 13 13 13 13 17 17 17 16 17 11 23 23 23 24 25 23 27 28 29 31 31 32 31 22 26 30 37 38 39 31 31 42 43 42 5 
2 2 12 5 6 7 7 7 9 12 9 15 12 12 13 17 17 17 18 19 18 10 11 15 23 24 25 23 27 28 29 17 20 32 32 21 26 30 37 38 39 31 34 42 43 42 5 
12 12 12 7 7 7 7 16 12 12 9 13 16 15 13 15 16 16 18 16 20 10 11 15 23 24 25 23 27 28 31 31 20 32 32 22 26 30 37 38 39 31 34 42 43 42 5 
12 12 12 7 7 7 7 16 12 12 9 15 16 12 13 17 16 17 19 19 20 10 11 15 23 24 25 23 27 28 29 17 20 32 32 21 26 30 37 38 39 31 34 42 43 42 5 
12 12 12 7 7 7 7 16 12 12 9 17 16 12 13 17 16 16 18 18 18 10 11 15 23 24 25 23 27 28 29 17 20 32 32 21 26 30 37 38 39 31 34 42 43 42 5 
16 16 16 16 16 16 16 16 16 16 9 15 16 15 13 17 18 17 18 18 32 10 11 15 23 24 25 23 27 28 29 32 32 32 32 22 26 30 37 38 39 31 34 42 43 42 5 
9 9 9 2 2 3 4 4 8 10 10 11 9 14 11 23 17 15 17 17 17 22 22 22 22 22 22 23 25 25 26 23 31 32 31 35 36 26 36 36 35 38 31 41 43 42 3 
10 10 15 2 2 3 4 15 21 10 21 11 15 15 11 23 17 15 17 16 17 21 24 23 24 25 26 23 25 25 26 23 31 32 31 35 36 26 37 36 36 30 31 41 43 42 3 
13 13 13 2 2 3 4 13 13 13 9 22 13 15 14 15 17 15 17 16 32 22 22 27 24 24 25 27 27 28 29 31 31 32 31 22 26 30 37 38 39 31 31 42 43 42 3 
15 15 15 15 2 3 4 15 21 15 21 22 15 15 23 23 17 15 17 17 17 22 22 23 22 25 25 23 27 25 26 23 31 32 31 22 26 26 37 38 36 30 31 41 43 42 3 
23 23 23 23 2 3 4 23 21 21 21 22 23 23 23 23 17 15 17 17 17 22 22 24 24 26 26 28 28 29 26 28 31 32 31 22 26 26 37 38 36 30 31 41 43 42 3 
24 24 24 24 2 3 4 24 21 21 21 22 24 24 24 24 17 15 17 17 24 22 22 24 25 25 25 23 25 30 30 30 31 32 31 36 36 37 37 38 36 30 31 41 43 42 3 
15 15 15 2 15 3 4 17 15 15 9 22 15 15 23 23 17 15 17 16 32 22 23 23 23 28 25 23 28 28 29 31 31 32 31 22 26 30 37 38 39 31 31 42 43 42 3 
23 23 23 23 23 17 17 17 22 23 23 22 23 23 23 23 17 15 17 16 32 22 25 27 23 25 25 27 27 29 29 31 31 32 31 22 26 30 37 38 39 30 31 41 43 42 5 
27 27 27 27 27 17 17 17 22 27 22 22 27 27 27 27 17 15 17 17 32 22 25 27 25 25 30 28 28 28 30 31 31 32 31 22 26 30 37 38 39 30 31 41 43 42 5 
28 28 28 28 28 17 17 17 22 28 22 22 28 28 28 28 17 31 17 16 32 22 26 28 25 26 26 28 29 29 29 31 31 32 31 22 37 37 37 38 39 41 31 41 43 42 5 
13 13 13 2 2 16 16 16 13 13 9 22 13 15 23 15 17 17 20 18 32 22 23 23 23 28 30 27 28 29 30 28 32 34 34 22 26 30 37 38 39 41 42 42 43 42 5 
18 18 18 18 18 18 18 18 18 18 9 23 18 15 23 31 18 20 20 18 20 23 23 31 23 28 30 31 31 31 31 31 34 33 34 22 26 30 37 38 39 31 34 42 43 42 5 
31 31 31 20 20 20 20 20 31 31 9 31 31 31 31 31 20 20 20 18 32 31 31 31 23 31 31 31 31 31 31 34 32 45 34 22 26 30 37 38 39 42 42 42 45 45 5 
15 15 15 20 20 20 20 20 15 15 15 23 15 15 23 31 20 20 20 18 32 23 23 31 23 28 30 31 31 31 31 31 32 33 32 22 26 30 37 38 39 42 42 42 43 42 5 
10 10 10 2 2 3 4 4 21 10 21 22 9 14 11 23 17 15 17 17 17 21 22 22 22 22 36 23 25 25 37 30 31 31 31 36 36 36 36 36 40 38 41 41 43 42 3 
10 10 10 2 2 3 4 25 21 10 21 22 25 25 25 25 17 15 17 17 25 21 22 25 25 26 26 28 25 30 37 30 31 31 31 35 35 37 38 39 40 38 41 41 43 42 3 
29 29 29 29 29 3 4 29 22 22 22 22 29 29 29 29 17 31 17 16 17 22 26 29 25 26 26 29 29 30 30 30 31 31 31 36 36 38 38 38 39 38 31 41 43 42 3 
30 30 30 2 30 3 4 30 21 21 21 26 30 30 30 30 17 30 17 16 31 36 26 30 26 26 37 30 30 30 37 30 31 42 31 36 36 37 37 39 39 41 41 41 43 42 3 
21 21 37 2 37 3 4 37 21 21 21 22 37 37 37 37 17 37 17 16 31 36 36 37 37 37 37 37 37 37 37 30 31 42 31 36 36 38 38 38 40 41 41 41 43 42 3 
21 21 21 2 21 3 4 38 21 21 21 22 38 38 38 38 17 38 17 16 17 35 36 38 26 26 36 38 38 38 38 38 31 34 31 35 36 38 39 39 39 39 41 41 43 42 3 
15 15 15 15 2 17 17 17 36 15 36 26 15 15 23 31 17 31 34 18 32 36 26 31 26 26 30 31 29 30 30 31 31 42 42 36 38 38 38 39 39 43 42 43 43 42 5 
15 15 15 32 32 32 32 32 15 15 9 23 15 15 23 31 32 32 32 18 32 23 23 31 23 28 30 31 31 31 31 31 34 33 34 38 38 30 41 41 39 41 45 43 45 45 5 
31 31 31 34 34 34 34 34 38 31 38 30 31 31 31 31 34 34 34 18 34 38 30 31 30 30 30 31 30 30 41 42 34 45 42 38 38 38 41 41 39 41 42 44 44 44 5 
42 42 42 42 42 42 42 42 42 42 9 42 42 42 42 42 42 42 42 18 42 42 42 42 23 42 41 42 42 42 41 42 42 45 42 41 41 41 41 41 39 43 45 43 45 45 5 
31 31 31 34 34 34 34 34 31 31 9 31 31 31 31 31 34 34 34 18 34 31 31 31 23 31 31 31 31 31 31 42 34 33 42 41 41 30 41 41 39 42 42 44 44 44 5 
2 2 3 3 3 5 5 5 9 2 9 13 2 12 13 16 7 7 7 16 16 9 23 15 23 24 24 23 23 27 17 16 18 20 20 10 25 30 37 37 38 17 32 34 42 34 5 